,var1,var2,f1,f2
0,0.14675589081711304,0.0923385947687978,0.030063707573400655,-0.030063707573400655
1,0.3888471528671146,0.9721535072412292,1.0962845499342837,-1.0962845499342837
2,0.20445224973151743,0.8781174363909454,0.8128909545140849,-0.8128909545140849
3,0.417022004702574,0.7203244934421581,0.6927747282588553,-0.6927747282588553
4,0.2725761235391765,0.7203244934421581,0.593165118976346,-0.593165118976346
5,0.39676747423066994,0.538816734003357,0.44774790144942966,-0.44774790144942966
6,0.18143831343343947,0.5447825298480309,0.32970786640919164,-0.32970786640919164
7,0.16137874698722388,0.6852195003967595,0.4955688637031511,-0.4955688637031511
8,0.4191945144032948,0.6852195003967595,0.6452498046297989,-0.6452498046297989
9,0.1862602113776709,0.34556072704304774,0.1541050824169744,-0.1541050824169744
