,var1,var2,f1,f2
0,0.6138400519162028,0.9989951513887324,1.374790921834683,-1.374790921834683
1,0.0017532702956843949,0.00540549101850629,3.2293289880881415e-05,-3.2293289880881415e-05
2,0.3823642347277829,0.9671897514118315,1.0816584232350435,-1.0816584232350435
3,0.49420781844042616,0.0356978374943312,0.2455157034094169,-0.2455157034094169
4,0.33049055599256133,0.004282517274185063,0.10924234755447601,-0.10924234755447601
5,0.4516925177564868,0.5869252722730132,0.5485074058299447,-0.5485074058299447
6,0.47722598393185783,0.6323068629616347,0.6275566086881134,-0.6275566086881134
7,0.0012770174304855275,0.9257358446654622,0.8569884848719945,-0.8569884848719945
8,0.03394649952436918,0.9257358446654622,0.8581392189284347,-0.8581392189284347
9,0.6138400519162028,0.01177489458613079,0.3769382574790011,-0.3769382574790011
