,var1,var2,f1,f2
0,0.13483663925056433,0.0067760843372292046,0.018226834603332066,-0.018226834603332066
1,0.4650537354590579,0.984778850540034,1.186064361335374,-1.186064361335374
2,0.417022004702574,0.7203244934421581,0.6927747282588553,-0.6927747282588553
3,0.22310750139590885,0.5674660094107852,0.3717946290157268,-0.3717946290157268
4,0.4173429943559652,0.007352941244402611,0.17422924068294685,-0.17422924068294685
5,0.3575191784752665,0.8632665126165745,0.8730490347828118,-0.8730490347828118
6,0.22310750139590885,0.7021650243899309,0.5428126786556378,-0.5428126786556378
7,0.48839033667999265,0.9635679474153191,1.1669883102485679,-1.1669883102485679
8,0.25336649845631404,0.9871572083957004,1.0386739366276057,-1.0386739366276057
9,0.16974298602824545,0.0067760843372292046,0.028858596624730372,-0.028858596624730372
