,var1,var2,f1,f2
0,0.613836557887,0.9918747194838462,1.3606107789497188,-1.3606107789497188
1,0.0024945430203103247,0.00540549101850629,3.544207803133113e-05,-3.544207803133113e-05
2,0.5863882345919028,0.012099207914086307,0.3439975524999567,-0.3439975524999567
3,0.3241497803901182,0.8081318925768675,0.7581502359268315,-0.7581502359268315
4,0.06940500247565803,0.9795282826744249,0.9642927109277543,-0.9642927109277543
5,0.6282071309796393,0.9335528356067655,1.2661650962831024,-1.2661650962831024
6,0.4173429943559652,0.007352941244402611,0.17422924068294685,-0.17422924068294685
7,0.4068540438803391,0.004282517274185063,0.16554855297598858,-0.16554855297598858
8,0.39645453692027355,0.9791646190090686,1.115939550963843,-1.115939550963843
9,0.06536354996121688,0.007352941244402611,0.004326459408476132,-0.004326459408476132
