,var1,var2,f1,f2
0,0.613836557887,0.9918747194838462,1.3606107789497188,-1.3606107789497188
1,0.002946305785768877,0.005942748392333552,4.399697623783818e-05,-4.399697623783818e-05
2,0.3241497803901182,0.8081318925768675,0.7581502359268315,-0.7581502359268315
3,0.22310750139590885,0.7021650243899309,0.5428126786556378,-0.5428126786556378
4,0.4173429943559652,0.007352941244402611,0.17422924068294685,-0.17422924068294685
5,0.5863882345919028,0.012099207914086307,0.3439975524999567,-0.3439975524999567
6,0.06940500247565803,0.9795282826744249,0.9642927109277543,-0.9642927109277543
7,0.6266901210106767,0.005691732584990117,0.39277290359219563,-0.39277290359219563
8,0.18899664812714043,0.017505940689516275,0.036026190962718994,-0.036026190962718994
9,0.39645453692027355,0.962663735641218,1.0838976677633734,-1.0838976677633734
