,var1,var2,f1,f2
0,0.417022004702574,0.7203244934421581,0.6927747282588553,-0.6927747282588553
1,0.00011437481734488664,0.30233257263183977,0.09140499755578552,-0.09140499755578552
2,0.14675589081711304,0.0923385947687978,0.030063707573400655,-0.030063707573400655
3,0.1862602113776709,0.34556072704304774,0.1541050824169744,-0.1541050824169744
4,0.39676747423066994,0.538816734003357,0.44774790144942966,-0.44774790144942966
5,0.4191945144032948,0.6852195003967595,0.6452498046297989,-0.6452498046297989
6,0.20445224973151743,0.8781174363909454,0.8128909545140849,-0.8128909545140849
7,0.027387593197926163,0.6704675101784022,0.45027676246600096,-0.45027676246600096
8,0.41730480236712697,0.5586898284457517,0.4862776224874103,-0.4862776224874103
9,0.14038693859523377,0.1981014890848788,0.05895269250578829,-0.05895269250578829
