,var1,var2,f1,f2
0,0.0017532702956843949,0.00540549101850629,3.2293289880881415e-05,-3.2293289880881415e-05
1,0.6138400519162028,0.9989951513887324,1.374790921834683,-1.374790921834683
2,0.3823642347277829,0.9671897514118315,1.0816584232350435,-1.0816584232350435
3,0.6138400519162028,0.01177489458613079,0.3769382574790011,-0.3769382574790011
4,0.4516925177564868,0.5869252722730132,0.5485074058299447,-0.5485074058299447
5,0.5209630529355813,0.9989951513887324,1.2693938150221578,-1.2693938150221578
6,0.47722598393185783,0.6323068629616347,0.6275566086881134,-0.6275566086881134
7,0.6221848500417961,0.6323068629616347,0.7869259565699158,-0.7869259565699158
8,0.328903268732681,0.921436279075849,0.957222176580188,-0.957222176580188
9,0.33049055599256133,0.004282517274185063,0.10924234755447601,-0.10924234755447601
