,var1,var2,f1,f2
0,0.6996344474545942,0.9677421440469908,1.426013217429762,-1.426013217429762
1,0.0016521642709764195,0.00540549101850629,3.194897992944321e-05,-3.194897992944321e-05
2,0.328903268732681,0.921436279075849,0.957222176580188,-0.957222176580188
3,0.38159019778674397,0.0015929517467158094,0.14561361654219374,-0.14561361654219374
4,0.6138400519162028,0.01177489458613079,0.3769382574790011,-0.3769382574790011
5,0.4612148688387247,0.9928384516874031,1.198447346386962,-1.198447346386962
6,0.6221848500417961,0.6323068629616347,0.7869259565699158,-0.7869259565699158
7,0.4792048242251103,0.6555198797690064,0.6593435763329915,-0.6593435763329915
8,0.33049055599256133,0.004282517274185063,0.10924234755447601,-0.10924234755447601
9,0.7155560724748876,0.0015929517467158094,0.512023030350954,-0.512023030350954
