,var1,var2,f1,f2
0,0.13483663925056433,0.0067760843372292046,0.018226834603332066,-0.018226834603332066
1,0.5317316178801013,0.9795303246659204,1.2422181703935133,-1.2422181703935133
2,0.22310750139590885,0.5674660094107852,0.3717946290157268,-0.3717946290157268
3,0.22310750139590885,0.7021650243899309,0.5428126786556378,-0.5428126786556378
4,0.4173429943559652,0.007352941244402611,0.17422924068294685,-0.17422924068294685
5,0.4168364845612528,0.7738620280734804,0.7726150933553837,-0.7726150933553837
6,0.3575191784752665,0.8632665126165745,0.8730490347828118,-0.8730490347828118
7,0.25336649845631404,0.9871572083957004,1.0386739366276057,-1.0386739366276057
8,0.22355719485163728,0.590375288723067,0.3985208009047776,-0.3985208009047776
9,0.4336507712147264,0.8739149214994127,0.9517802813944517,-0.9517802813944517
