,var1,var2,f1,f2
0,0.48839033667999265,0.9635679474153191,1.1669883102485679,-1.1669883102485679
1,0.16974298602824545,0.0067760843372292046,0.028858596624730372,-0.028858596624730372
2,0.39236478900173755,0.007666140070420935,0.15400889735195736,-0.15400889735195736
3,0.22310750139590885,0.5674660094107852,0.3717946290157268,-0.3717946290157268
4,0.417022004702574,0.7203244934421581,0.6927747282588553,-0.6927747282588553
5,0.1712319223284196,0.979499712138005,0.9887400573027205,-0.9887400573027205
6,0.19619601423172195,0.7014436121749148,0.5305160170614063,-0.5305160170614063
7,0.3575191784752665,0.8632665126165745,0.8730490347828118,-0.8730490347828118
8,0.39441717443877766,0.5561690235047423,0.4648888901984878,-0.4648888901984878
9,0.40144521853670173,0.861900845720129,0.904031331339054,-0.904031331339054
