,var1,var2,f1,f2
0,0.6138400519162028,0.9918747194838462,1.3606150684876452,-1.3606150684876452
1,0.0024945430203103247,0.00540549101850629,3.544207803133113e-05,-3.544207803133113e-05
2,0.39645453692027355,0.9791646190090686,1.115939550963843,-1.115939550963843
3,0.4516925177564868,0.5869252722730132,0.5485074058299447,-0.5485074058299447
4,0.5919387459474267,0.9918747194838462,1.3342069381049708,-1.3342069381049708
5,0.0012770174304855275,0.9257358446654622,0.8569884848719945,-0.8569884848719945
6,0.6138400519162028,0.01177489458613079,0.3769382574790011,-0.3769382574790011
7,0.47722598393185783,0.6323068629616347,0.6275566086881134,-0.6275566086881134
8,0.49420781844042616,0.0356978374943312,0.2455157034094169,-0.2455157034094169
9,0.33049055599256133,0.004282517274185063,0.10924234755447601,-0.10924234755447601
