,var1,var2,f1,f2
0,0.6266901210106767,0.9795303246659204,1.3522201647125,-1.3522201647125
1,0.12163371908843673,0.0067760843372292046,0.01484067693822998,-0.01484067693822998
2,0.5317316178801013,0.9795303246659204,1.2422181703935133,-1.2422181703935133
3,0.22310750139590885,0.7021650243899309,0.5428126786556378,-0.5428126786556378
4,0.4168364845612528,0.7738620280734804,0.7726150933553837,-0.7726150933553837
5,0.4141235050209642,0.9617476831538936,1.0964568834627306,-1.0964568834627306
6,0.4173429943559652,0.007352941244402611,0.17422924068294685,-0.17422924068294685
7,0.3575191784752665,0.8632665126165745,0.8730490347828118,-0.8730490347828118
8,0.4336507712147264,0.8739149214994127,0.9517802813944517,-0.9517802813944517
9,0.18899664812714043,0.017505940689516275,0.036026190962718994,-0.036026190962718994
