,var1,var2,f1,f2
0,0.3888471528671146,0.9721535072412292,1.0962845499342837,-1.0962845499342837
1,0.16974298602824545,0.0067760843372292046,0.028858596624730372,-0.028858596624730372
2,0.1862602113776709,0.34556072704304774,0.1541050824169744,-0.1541050824169744
3,0.18143831343343947,0.5447825298480309,0.32970786640919164,-0.32970786640919164
4,0.1748313601522022,0.979499712138005,0.9899856905711036,-0.9899856905711036
5,0.417022004702574,0.7203244934421581,0.6927747282588553,-0.6927747282588553
6,0.0708267950512772,0.5285499175345127,0.28438145022297584,-0.28438145022297584
7,0.4286881856290953,0.09122531834444658,0.19209561920501125,-0.19209561920501125
8,0.20445224973151743,0.9181993187936299,0.8848907114533648,-0.8848907114533648
9,0.14675589081711304,0.0923385947687978,0.030063707573400655,-0.030063707573400655
