,var1,var2,f1,f2
0,0.613836557887,0.9918747194838462,1.3606107789497188,-1.3606107789497188
1,0.0024945430203103247,0.00540549101850629,3.544207803133113e-05,-3.544207803133113e-05
2,0.3241497803901182,0.8081318925768675,0.7581502359268315,-0.7581502359268315
3,0.39645453692027355,0.962663735641218,1.0838976677633734,-1.0838976677633734
4,0.4173429943559652,0.007352941244402611,0.17422924068294685,-0.17422924068294685
5,0.06940500247565803,0.9795282826744249,0.9642927109277543,-0.9642927109277543
6,0.21828443458061608,0.7496708915789839,0.6096545400610079,-0.6096545400610079
7,0.6282071309796393,0.9335528356067655,1.2661650962831024,-1.2661650962831024
8,0.5863882345919028,0.012099207914086307,0.3439975524999567,-0.3439975524999567
9,0.22497447691134376,0.6717815522570749,0.5019039692144579,-0.5019039692144579
