,var1,var2,f1,f2
0,0.6996344474545942,0.9677421440469908,1.426013217429762,-1.426013217429762
1,0.0017532702956843949,0.00540549101850629,3.2293289880881415e-05,-3.2293289880881415e-05
2,0.6221848500417961,0.6323068629616347,0.7869259565699158,-0.7869259565699158
3,0.6138400519162028,0.01177489458613079,0.3769382574790011,-0.3769382574790011
4,0.328903268732681,0.921436279075849,0.957222176580188,-0.957222176580188
5,0.38159019778674397,0.0015929517467158094,0.14561361654219374,-0.14561361654219374
6,0.47722598393185783,0.6323068629616347,0.6275566086881134,-0.6275566086881134
7,0.3767114246080464,0.9992248846810917,1.1403618675961649,-1.1403618675961649
8,0.6524764111665425,0.006252385071368322,0.42576455944785174,-0.42576455944785174
9,0.33049055599256133,0.004282517274185063,0.10924234755447601,-0.10924234755447601
