,var1,var2,f1,f2
0,0.002946305785768877,0.0067760843372292046,5.459603672849811e-05,-5.459603672849811e-05
1,0.6266901210106767,0.9795303246659204,1.3522201647125,-1.3522201647125
2,0.5863882345919028,0.012099207914086307,0.3439975524999567,-0.3439975524999567
3,0.5317316178801013,0.9795303246659204,1.2422181703935133,-1.2422181703935133
4,0.07244019455623679,0.9806935065662404,0.9670073356085341,-0.9670073356085341
5,0.3241497803901182,0.8081318925768675,0.7581502359268315,-0.7581502359268315
6,0.22310750139590885,0.7021650243899309,0.5428126786556378,-0.5428126786556378
7,0.4141235050209642,0.962663735641218,1.0982197453295535,-1.0982197453295535
8,0.18899664812714043,0.017505940689516275,0.036026190962718994,-0.036026190962718994
9,0.4173429943559652,0.007352941244402611,0.17422924068294685,-0.17422924068294685
