
------------------------------------------------------------------
- Doesnt end

[4.94048711 0.41606891 0.35140617 0.37331054 0.7553398  0.35740152
 0.4687216  0.68078805 0.75405208 0.22002461 0.23087772]

------------------------------------------------------------------
- FileNotFoundError: C:\Users\rb3ir\AppData\Local\Temp\avl__tt5st3u\aircraft-4.fs

[4.40882116 0.56191107 0.74985064 0.59742725 
0.7265205  0.48327764 0.20462374 0.61350963 
0.60793321 0.67898113 0.36803976]

[5.4996024  0.59557033 0.44596705 0.33284455 
1.4420306  0.49273147 0.48079113 0.66811394 
0.68135518 0.41733908 0.36640407]

[5.71832574 0.41657719 0.58991302 0.54925097 
0.56491609 0.23681662 0.66194312 0.52198455 
0.85193713 0.23337485 0.2339836 ]

[5.30730871 0.51352053 0.6546473  0.64216842 
1.77519148 0.25973098 0.68283716 1.14521415 
0.53472764 0.38207539 0.34759339]

------------------------------------------------------------------
- ValueError: More or less than 1 solution for climb velocity

[4.42772643 0.4567197  0.64932503 0.53268429 2.21798483 0.24386654
 0.2089164  0.52558259 1.37423479 0.65795697 0.38006162]